0 0.3125 0.0453125 0.1734375 0.078125
0 0.50625 0.0453125 0.1734375 0.078125
0 0.6921875 0.046875 0.1734375 0.0828125
0 0.3140625 0.1609375 0.171875 0.078125
0 0.503125 0.1625 0.175 0.0828125
0 0.6890625 0.1640625 0.175 0.084375
0 0.3125 0.278125 0.1734375 0.08125
0 0.5015625 0.28125 0.175 0.0796875
0 0.6859375 0.2828125 0.175 0.0828125
0 0.3140625 0.403125 0.1734375 0.0796875
0 0.4984375 0.403125 0.175 0.0828125
0 0.6875 0.4046875 0.178125 0.0796875
0 0.3140625 0.5203125 0.178125 0.08125
0 0.5015625 0.521875 0.175 0.0796875
0 0.6875 0.521875 0.1765625 0.0796875
0 0.3109375 0.640625 0.1765625 0.0796875
0 0.5015625 0.640625 0.18125 0.0828125
0 0.6875 0.640625 0.175 0.08125
0 0.3109375 0.7578125 0.178125 0.0828125
0 0.5 0.759375 0.1734375 0.0828125
0 0.6859375 0.7578125 0.1765625 0.084375
0 0.3125 0.8796875 0.1734375 0.08125
0 0.4984375 0.8796875 0.171875 0.08125
0 0.6859375 0.88125 0.1765625 0.0796875